4294967278,8
4294967278,7
4294967278,6
4294967279,183
4294967278,312
4294967278,557
4294967279,375
4294967278,556
4294967278,5
4294967278,4
4294967278,311
4294967279,304
4294967278,555
4294967279,303
4294967279,132
4294967279,301
4294967279,374
4294967279,300
4294967279,131
4294967279,130
4294967279,333
4294967279,373
4294967278,554
4294967279,332
4294967278,553
4294967279,129
4294967279,128
4294967279,127
4294967279,126
4294967279,125
4294967279,339
4294967279,298
4294967279,372
4294967279,161
4294967279,124
4294967279,123
4294967279,371
4294967279,156
4294967278,552
4294967279,331
4294967279,122
4294967279,121
4294967279,120
4294967279,119
4294967279,118
4294967279,117
4294967279,116
4294967279,115
4294967279,114
4294967279,113
4294967279,112
4294967279,260
4294967279,294
4294967278,551
4294967279,292
4294967279,151
4294967294,30
4294967294,1067
4294967294,1066
4294967294,1064
4294967294,1063
4294967294,1058
4294967294,1047
4294967294,157
4294967294,155
4294967294,154
4294967294,153
4294967294,152
4294967294,60
4294967278,66
4294967279,111
4294967279,110
4294967279,109
4294967279,108
4294967279,107
4294967279,106
4294967279,105
4294967279,104
4294967279,103
4294967279,102
4294967279,101
4294967279,100
4294967279,99
4294967279,98
4294967279,97
4294967279,96
4294967279,95
4294967279,94
4294967279,93
4294967279,92
4294967279,91
4294967279,90
4294967279,89
4294967279,87
4294967279,86
4294967279,85
4294967279,84
4294967279,83
4294967279,82
4294967279,81
4294967279,80
4294967279,79
4294967279,78
4294967279,77
4294967279,370
4294967278,550
35,4
4294967278,549
4294967279,329
35,5
4294967279,369
4294967279,288
35,6
35,3
35,2
35,1
4294967279,326
4294967279,325
4294967294,204
4294967294,198
4294967279,324
4294967278,548
4294967294,1414
4294967294,120
4294967279,284
4294967279,277
4294967279,269
4294967279,268
4294967279,264
4294967279,282
34,6
4294967279,263
34,5
4294967294,390
34,4
4294967279,262
34,3
34,2
34,1
4294967279,261
4294967279,275
4294967279,322
4294967279,285
4294967279,280
4294967294,38
4294967294,37
4294967294,1411
4294967294,190
4294967294,1038
4294967294,401
4294967278,547
4294967279,256
4294967279,368
4294967279,255
4294967279,367
4294967278,255
4294967278,546
4294967278,545
4294967278,544
4294967278,543
4294967294,76
4294967294,107
4294967278,542
4294967279,366
4294967278,541
4294967279,365
4294967278,540
4294967279,364
4294967279,363
4294967278,539
4294967278,538
4294967294,387
4294967294,437
4294967294,44
4294967294,1075
4294967278,537
4294967294,41
4294967278,96
4294967278,95
4294967278,93
4294967278,87
4294967278,86
4294967278,85
4294967278,84
4294967278,83
4294967278,79
4294967278,78
4294967278,76
4294967278,72
4294967278,71
4294967278,69
4294967278,67
4294967278,252
4294967278,249
4294967278,247
4294967278,244
4294967278,242
4294967294,43
4294967294,51
4294967294,52
4294967294,40
4294967294,82
4294967278,132
4294967278,131
4294967278,130
4294967278,129
4294967278,128
4294967278,127
4294967278,126
4294967278,125
4294967278,124
4294967278,123
4294967278,122
4294967278,121
4294967278,120
4294967278,119
4294967278,118
4294967278,117
4294967278,116
4294967278,115
4294967278,114
4294967278,113
4294967278,235
4294967278,112
4294967278,233
4294967278,111
4294967278,110
4294967278,109
4294967278,108
4294967278,107
4294967278,223
4294967278,105
4294967278,104
4294967278,103
4294967278,102
4294967278,101
4294967278,100
4294967278,99
4294967278,97
4294967278,90
4294967278,81
4294967278,80
4294967278,75
4294967278,74
4294967278,73
4294967278,68
4294967279,76
4294967279,75
4294967279,74
4294967279,72
4294967279,68
4294967279,66
4294967279,65
4294967279,64
4294967279,63
4294967279,62
4294967279,61
4294967279,58
4294967279,56
4294967279,55
4294967279,53
4294967279,52
4294967279,50
4294967279,47
4294967279,45
4294967279,44
4294967279,43
4294967279,42
4294967279,41
4294967279,40
4294967279,39
4294967279,38
4294967279,37
4294967279,35
4294967279,34
4294967279,33
4294967279,31
4294967279,30
4294967279,29
4294967279,27
4294967279,26
4294967279,25
4294967279,24
4294967279,23
4294967279,22
4294967279,279
4294967279,20
4294967279,278
4294967279,19
4294967279,270
4294967279,18
4294967279,337
4294967279,17
4294967279,267
4294967279,16
4294967279,323
4294967279,15
4294967279,14
4294967279,13
4294967279,12
4294967279,11
4294967279,10
4294967279,9
4294967279,8
4294967279,7
4294967279,6
4294967279,5
4294967279,4
4294967294,12
4294967294,11
4294967278,241
4294967294,83
4294967294,85
4294967294,88
4294967294,87
4294967294,92
4294967294,91
